Test Accuracy: 0.7187

               precision    recall  f1-score   support

        apple     0.8333    0.5000    0.6250        10
       banana     1.0000    0.7778    0.8750         9
     beetroot     0.6923    0.9000    0.7826        10
  bell_pepper     0.4444    0.4000    0.4211        10
      cabbage     1.0000    0.9000    0.9474        10
     capsicum     0.2000    0.2000    0.2000        10
       carrot     0.7273    0.8000    0.7619        10
  cauliflower     1.0000    1.0000    1.0000        10
chilli_pepper     0.8571    0.6000    0.7059        10
         corn     0.5000    1.0000    0.6667        10
     cucumber     1.0000    0.7000    0.8235        10
     eggplant     0.6000    0.9000    0.7200        10
       garlic     0.8333    1.0000    0.9091        10
       ginger     1.0000    0.8000    0.8889        10
       grapes     0.6429    0.9000    0.7500        10
     jalepeno     0.5333    0.8000    0.6400        10
         kiwi     0.9091    1.0000    0.9524        10
        lemon     0.5263    1.0000    0.6897        10
      lettuce     0.9091    1.0000    0.9524        10
        mango     0.7143    0.5000    0.5882        10
        onion     0.7692    1.0000    0.8696        10
       orange     0.5000    0.1000    0.1667        10
      paprika     0.7143    0.5000    0.5882        10
         pear     1.0000    0.8000    0.8889        10
         peas     0.7143    1.0000    0.8333        10
    pineapple     1.0000    0.9000    0.9474        10
  pomegranate     0.5000    1.0000    0.6667        10
       potato     1.0000    0.1000    0.1818        10
      raddish     1.0000    0.3000    0.4615        10
    soy_beans     0.7143    1.0000    0.8333        10
      spinach     0.7778    0.7000    0.7368        10
    sweetcorn     0.0000    0.0000    0.0000        10
  sweetpotato     0.7500    0.3000    0.4286        10
       tomato     0.5556    1.0000    0.7143        10
       turnip     1.0000    0.7000    0.8235        10
   watermelon     0.8889    0.8000    0.8421        10

     accuracy                         0.7187       359
    macro avg     0.7446    0.7188    0.6912       359
 weighted avg     0.7439    0.7187    0.6907       359
